19 30 11 50
3 5 5 22 22 22 5 3 3 3 3 3 3 3 3 3 3 3 3
20
2 4
2 19
3 9
4 13
4 18
5 10
5 14
6 13
7 11
7 17
7 19
8 19
9 17
10 14
11 12
12 17
12 19
14 16
14 19
15 16
0 0 1 0 1 0 0 0 0 0 0 
0 1 1 0 0 1 1 0 1 0 1 
0 0 1 1 0 0 0 0 0 0 0 
1 0 0 0 0 0 1 0 0 0 0 
0 0 1 0 0 0 0 0 0 0 0 
0 1 0 0 1 0 0 0 0 1 0 
0 1 1 1 0 0 0 1 0 0 0 
1 0 1 1 0 1 0 1 1 0 0 
0 1 1 0 0 1 0 0 0 0 0 
0 0 1 0 0 0 0 0 0 1 0 
1 0 1 1 1 0 1 0 0 1 0
0 0 1 0 0 1 0 1 1 0 1 
0 0 1 0 0 0 0 1 0 0 0 
0 0 0 0 0 0 0 0 0 1 1 
1 0 1 0 1 0 0 0 1 1 0 
0 0 0 0 0 0 0 0 0 0 1 
0 1 1 0 0 1 1 0 0 0 0 
0 0 1 1 0 0 0 1 1 0 0 
1 0 1 0 1 0 1 0 0 0 1
0.15 0.86 0.00 0.26 0.00 0.07 0.00 0.00 0.00 0.03 0.59
0.97 0.00 0.00 0.00 0.15 0.00 0.00 0.01 0.00 0.05 0.28
0.00 0.00 0.00 0.11 0.00 0.17 0.00 0.00 0.62 0.65 0.00
0.00 0.00 0.00 0.00 0.95 0.06 0.64 0.00 0.00 0.00 0.00
0.00 0.00 0.91 0.52 0.00 0.00 0.00 0.00 0.00 0.00 0.20
0.99 0.30 0.00 0.00 0.63 0.00 0.00 0.00 0.00 0.70 0.18
0.00 0.00 0.00 0.00 0.00 0.00 0.00 0.00 0.83 0.91 0.28
0.00 0.82 0.14 0.00 0.00 0.00 0.00 0.00 0.00 0.70 0.00
0.00 0.53 0.73 0.00 0.00 0.00 0.60 0.40 0.63 0.90 0.21
0.28 0.00 0.00 0.00 0.00 0.00 0.00 0.83 0.00 0.00 0.00
0.00 0.00 0.77 0.27 0.00 0.00 0.00 0.00 0.00 0.00 0.00
0.00 0.66 0.19 0.58 0.00 0.91 0.00 0.85 0.63 0.00 0.00
0.00 0.00 0.00 0.00 0.79 0.00 0.43 0.00 0.29 0.22 0.58
0.53 0.73 0.00 0.81 0.18 0.01 0.00 0.31 0.00 0.00 0.15
0.00 0.00 0.00 0.00 0.00 0.97 0.00 0.00 0.96 0.75 0.52
0.00 0.00 0.36 0.35 0.00 0.09 0.49 0.00 0.15 0.50 0.00
0.00 0.65 0.98 0.34 0.00 0.00 0.00 0.00 0.59 0.00 0.95
0.65 0.00 0.00 0.00 0.00 0.00 0.77 0.00 0.00 0.38 0.00
0.00 0.00 0.45 0.16 0.94 0.00 0.07 0.00 0.01 0.00 0.00
0.81 0.00 0.00 0.54 0.00 0.00 0.90 0.00 0.00 0.84 0.00
0.70 0.44 0.00 0.00 0.50 0.45 0.00 0.00 0.37 0.00 0.00
0.01 0.14 0.00 0.91 0.00 0.00 0.21 0.21 0.12 0.43 0.00
0.00 0.00 0.00 0.00 0.00 0.00 0.20 0.00 0.00 0.41 0.00
0.00 0.00 0.00 0.56 0.00 0.00 0.00 0.65 0.00 0.00 0.00
0.00 0.00 0.00 0.00 0.00 0.00 0.00 0.31 0.00 0.66 0.00
0.00 0.00 0.49 0.00 0.00 0.00 0.00 0.06 0.82 0.32 0.00
0.00 0.00 0.00 0.00 0.00 0.30 0.00 0.76 0.00 0.00 0.00
0.00 0.00 0.00 0.00 0.00 0.00 0.87 0.50 0.00 0.00 0.43
0.00 0.00 0.00 0.00 0.13 0.00 0.00 0.48 0.00 0.00 0.59
0.00 0.00 0.00 0.00 0.00 0.00 0.00 0.97 0.00 0.00 0.00
